35 155 0.3
70 229 0.4
111 360 0.6
164 600 1.1
162 617 1.1
176 709 1.2
178 827 1.4
175 860 2.1
179 871 1.9
179 729 2.2
93 234 1.5
211 692 3.9
292 1099 5.9
306 1201 6.3
307 1165 6.1
309 1207 6.5
311 1122 6.0
322 1422 7.5
322 1711 8.9
327 1638 8.5
147 403 5.1
369 1421 17.5
383 1573 19.6
395 1447 17.8
405 1825 23.3
419 2858 36.4
423 3674 45.5
427 3672 46.7
430 4022 51.6
432 4223 53.7
233 450 10.5
511 2050 45.9
531 1790 40.1
549 2503 56.1
567 3715 83.9
578 4632 103.9
585 4075 91.3
596 3701 83.3
602 3944 89.1
611 3459 78.8
320 667 26.3
595 2429 94.6
626 2716 102.8
654 5697 214.6
669 4672 175.9
679 4781 182.3
700 6730 256.2
705 5664 215.5
711 4724 180.1
721 3796 144.9
434 1102 72.0
678 3109 194.5
723 4896 303.7
750 6461 383.7
777 5335 318.3
792 5446 332.7
801 7079 439.5
811 5087 307.4
832 4203 257.1
840 5726 354.7
586 1859 169.5
762 3394 298.6
819 6842 596.5
847 5549 485.3
871 6919 606.9
888 7032 626.5
911 8809 783.1
923 8837 792.4
932 9432 829.4
941 9716 873.2
756 3108 400.4
848 3697 454.4
907 6835 878.1
947 7783 995.7
970 7028 893.4
995 9012 1131.0
1013 9210 1188.9
1023 8011 1032.9
1036 10180 1324.2
1056 11607 1502.1
