27 45 0.1
56 102 0.2
88 169 0.4
131 261 0.4
130 269 0.4
141 296 0.5
143 300 0.5
144 304 1.1
147 310 0.6
148 320 1.0
73 129 0.9
170 333 2.0
242 462 2.5
248 475 2.5
252 478 2.6
251 477 2.8
260 498 2.7
266 505 2.8
271 512 2.6
273 520 2.7
124 241 2.9
330 620 7.6
332 621 7.7
347 662 8.1
355 640 8.1
366 644 8.1
371 648 8.0
376 685 8.7
380 703 8.8
388 734 9.3
182 333 7.6
413 783 17.4
431 778 17.4
450 803 18.4
467 806 18.0
479 881 19.7
489 919 20.6
499 945 21.2
507 947 21.3
509 971 22.2
265 513 20.2
499 934 35.0
529 924 35.3
559 994 37.4
573 1072 40.5
591 1117 42.4
598 1093 41.5
607 1173 44.5
617 1146 43.6
626 1227 46.7
377 709 46.6
586 1085 68.4
629 1089 67.2
662 1132 66.8
683 1263 76.1
696 1282 78.5
710 1333 82.5
729 1368 82.9
733 1388 84.3
739 1439 89.0
521 979 89.4
673 1251 109.0
725 1217 105.7
762 1424 124.1
786 1380 121.6
803 1524 135.3
819 1511 133.9
828 1540 137.7
842 1624 142.8
855 1661 148.7
692 1286 165.3
762 1421 177.2
822 1347 173.1
862 1573 199.0
887 1639 208.1
910 1700 213.7
923 1747 225.2
943 1805 231.3
960 1840 238.7
971 1884 243.9
