100 0.10 26 52 0.1
100 0.20 53 160 0.4
100 0.30 85 330 0.7
100 0.40 127 624 1.3
100 0.50 125 676 1.3
100 0.60 137 784 1.4
100 0.70 139 817 1.4
100 0.80 140 857 2.7
100 0.90 142 887 1.8
100 1.00 143 922 2.6
200 0.10 71 211 1.3
200 0.20 165 738 4.3
200 0.30 235 1533 8.1
200 0.40 239 1508 8.0
200 0.50 243 1741 9.2
200 0.60 244 1738 9.3
200 0.70 250 1816 9.8
200 0.80 257 1977 10.6
200 0.90 260 1813 9.6
200 1.00 263 2044 10.7
300 0.10 121 414 5.4
300 0.20 312 2104 25.4
300 0.30 322 2699 34.4
300 0.40 335 3127 38.3
300 0.50 343 3136 39.3
300 0.60 355 3361 41.5
300 0.70 359 4013 48.8
300 0.80 364 4156 52.2
300 0.90 366 4855 59.7
300 1.00 373 4742 59.3
400 0.10 177 737 17.1
400 0.20 401 3829 82.2
400 0.30 418 5430 118.4
400 0.40 436 5147 111.8
400 0.50 453 5440 118.1
400 0.60 462 5828 126.8
400 0.70 472 6439 140.8
400 0.80 480 6974 153.2
400 0.90 488 7543 165.1
400 1.00 491 7490 166.2
500 0.10 257 1203 45.8
500 0.20 484 5940 216.7
500 0.30 513 7012 261.6
500 0.40 539 9331 340.8
500 0.50 553 7133 260.5
500 0.60 569 7549 279.0
500 0.70 578 7455 275.4
500 0.80 585 8618 318.7
500 0.90 594 8562 318.1
500 1.00 604 9962 369.4
600 0.10 366 2919 185.3
600 0.20 567 9471 576.4
600 0.30 610 8744 525.9
600 0.40 636 9164 526.4
600 0.50 660 10852 629.3
600 0.60 673 12647 751.9
600 0.70 685 12607 758.0
600 0.80 703 9818 576.0
600 0.90 708 10843 640.3
600 1.00 715 10698 645.6
700 0.10 498 6468 571.7
700 0.20 651 10581 896.6
700 0.30 703 12948 1094.2
700 0.40 733 11215 951.6
700 0.50 756 11574 987.7
700 0.60 773 13455 1160.8
700 0.70 791 15117 1301.1
700 0.80 800 15366 1335.4
700 0.90 813 15936 1369.9
700 1.00 824 17285 1509.8
800 0.10 670 11408 1420.6
800 0.20 738 14087 1682.3
800 0.30 794 12437 1542.9
800 0.40 832 14689 2041.1
800 0.50 856 16092 1985.1
800 0.60 879 18385 2242.0
800 0.70 892 18666 2296.6
800 0.80 905 13242 1651.0
800 0.90 927 14950 1892.3
800 1.00 937 16054 2026.2
