  n     γ  method     k    fgs        rp        rd    time
100  0.10    IAPG    26     52  1.67e-15  9.92e-02     0.1
100  0.10      IR    27     45  1.75e-15  9.99e-02     0.1
100  0.10     IER    35    155  1.53e-15  9.76e-02     0.3
100  0.20    IAPG    53    160  1.85e-15  1.00e-01     0.4
100  0.20      IR    56    102  1.56e-15  9.79e-02     0.2
100  0.20     IER    70    229  2.03e-15  9.93e-02     0.4
100  0.30    IAPG    85    330  1.52e-15  9.90e-02     0.7
100  0.30      IR    88    169  1.71e-15  9.95e-02     0.4
100  0.30     IER   111    360  1.70e-15  9.88e-02     0.6
100  0.40    IAPG   127    624  1.66e-15  9.89e-02     1.3
100  0.40      IR   131    261  1.62e-15  9.80e-02     0.4
100  0.40     IER   164    600  1.77e-15  1.00e-01     1.1
100  0.50    IAPG   125    676  1.72e-15  9.96e-02     1.3
100  0.50      IR   130    269  1.57e-15  9.89e-02     0.4
100  0.50     IER   162    617  1.60e-15  9.85e-02     1.1
100  0.60    IAPG   137    784  1.61e-15  9.68e-02     1.4
100  0.60      IR   141    296  1.48e-15  9.73e-02     0.5
100  0.60     IER   176    709  1.69e-15  9.99e-02     1.2
100  0.70    IAPG   139    817  1.57e-15  9.83e-02     1.4
100  0.70      IR   143    300  1.42e-15  9.96e-02     0.5
100  0.70     IER   178    827  1.43e-15  9.99e-02     1.4
100  0.80    IAPG   140    857  1.72e-15  9.86e-02     2.7
100  0.80      IR   144    304  1.61e-15  9.94e-02     1.1
100  0.80     IER   175    860  1.95e-15  9.91e-02     2.1
100  0.90    IAPG   142    887  1.77e-15  9.90e-02     1.8
100  0.90      IR   147    310  1.49e-15  9.95e-02     0.6
100  0.90     IER   179    871  1.77e-15  9.94e-02     1.9
100  1.00    IAPG   143    922  1.67e-15  9.92e-02     2.6
100  1.00      IR   148    320  1.65e-15  9.98e-02     1.0
100  1.00     IER   179    729  1.79e-15  9.91e-02     2.2
200  0.10    IAPG    71    211  2.55e-15  9.83e-02     1.3
200  0.10      IR    73    129  2.29e-15  9.98e-02     0.9
200  0.10     IER    93    234  2.67e-15  9.95e-02     1.5
200  0.20    IAPG   165    738  2.63e-15  9.95e-02     4.3
200  0.20      IR   170    333  2.25e-15  9.97e-02     2.0
200  0.20     IER   211    692  2.78e-15  9.96e-02     3.9
200  0.30    IAPG   235   1533  2.41e-15  9.86e-02     8.1
200  0.30      IR   242    462  2.51e-15  9.90e-02     2.5
200  0.30     IER   292   1099  2.75e-15  9.97e-02     5.9
200  0.40    IAPG   239   1508  2.48e-15  9.95e-02     8.0
200  0.40      IR   248    475  2.28e-15  9.87e-02     2.5
200  0.40     IER   306   1201  2.63e-15  9.92e-02     6.3
200  0.50    IAPG   243   1741  2.56e-15  9.93e-02     9.2
200  0.50      IR   252    478  2.35e-15  9.99e-02     2.6
200  0.50     IER   307   1165  2.55e-15  9.97e-02     6.1
200  0.60    IAPG   244   1738  2.51e-15  9.93e-02     9.3
200  0.60      IR   251    477  2.36e-15  9.99e-02     2.8
200  0.60     IER   309   1207  2.65e-15  9.97e-02     6.5
200  0.70    IAPG   250   1816  2.40e-15  9.99e-02     9.8
200  0.70      IR   260    498  2.56e-15  9.98e-02     2.7
200  0.70     IER   311   1122  2.42e-15  9.97e-02     6.0
200  0.80    IAPG   257   1977  2.42e-15  9.95e-02    10.6
200  0.80      IR   266    505  2.49e-15  9.97e-02     2.8
200  0.80     IER   322   1422  2.71e-15  1.00e-01     7.5
200  0.90    IAPG   260   1813  2.44e-15  9.98e-02     9.6
200  0.90      IR   271    512  2.40e-15  9.97e-02     2.6
200  0.90     IER   322   1711  2.48e-15  9.98e-02     8.9
200  1.00    IAPG   263   2044  2.60e-15  9.97e-02    10.7
200  1.00      IR   273    520  2.31e-15  9.92e-02     2.7
200  1.00     IER   327   1638  2.33e-15  9.98e-02     8.5
300  0.10    IAPG   121    414  3.32e-15  9.90e-02     5.4
300  0.10      IR   124    241  2.98e-15  9.98e-02     2.9
300  0.10     IER   147    403  3.21e-15  1.00e-01     5.1
300  0.20    IAPG   312   2104  2.94e-15  9.99e-02    25.4
300  0.20      IR   330    620  3.11e-15  9.97e-02     7.6
300  0.20     IER   369   1421  3.36e-15  9.95e-02    17.5
300  0.30    IAPG   322   2699  3.12e-15  9.95e-02    34.4
300  0.30      IR   332    621  2.86e-15  9.96e-02     7.7
300  0.30     IER   383   1573  2.90e-15  1.00e-01    19.6
300  0.40    IAPG   335   3127  3.04e-15  9.96e-02    38.3
300  0.40      IR   347    662  3.08e-15  9.94e-02     8.1
300  0.40     IER   395   1447  3.17e-15  9.96e-02    17.8
300  0.50    IAPG   343   3136  3.06e-15  9.98e-02    39.3
300  0.50      IR   355    640  2.92e-15  9.94e-02     8.1
300  0.50     IER   405   1825  2.97e-15  9.97e-02    23.3
300  0.60    IAPG   355   3361  3.11e-15  9.95e-02    41.5
300  0.60      IR   366    644  3.05e-15  9.97e-02     8.1
300  0.60     IER   419   2858  3.05e-15  9.97e-02    36.4
300  0.70    IAPG   359   4013  3.16e-15  9.99e-02    48.8
300  0.70      IR   371    648  2.81e-15  9.98e-02     8.0
300  0.70     IER   423   3674  2.91e-15  9.99e-02    45.5
300  0.80    IAPG   364   4156  2.90e-15  9.97e-02    52.2
300  0.80      IR   376    685  3.18e-15  9.95e-02     8.7
300  0.80     IER   427   3672  2.90e-15  9.99e-02    46.7
300  0.90    IAPG   366   4855  2.94e-15  9.97e-02    59.7
300  0.90      IR   380    703  2.98e-15  9.97e-02     8.8
300  0.90     IER   430   4022  3.12e-15  1.00e-01    51.6
300  1.00    IAPG   373   4742  3.14e-15  1.00e-01    59.3
300  1.00      IR   388    734  2.83e-15  9.97e-02     9.3
300  1.00     IER   432   4223  2.90e-15  9.98e-02    53.7
400  0.10    IAPG   177    737  4.22e-15  9.96e-02    17.1
400  0.10      IR   182    333  3.70e-15  9.98e-02     7.6
400  0.10     IER   233    450  3.95e-15  9.97e-02    10.5
400  0.20    IAPG   401   3829  3.63e-15  9.90e-02    82.2
400  0.20      IR   413    783  3.48e-15  9.97e-02    17.4
400  0.20     IER   511   2050  3.69e-15  9.98e-02    45.9
400  0.30    IAPG   418   5430  3.37e-15  9.96e-02   118.4
400  0.30      IR   431    778  3.66e-15  9.96e-02    17.4
400  0.30     IER   531   1790  3.46e-15  9.99e-02    40.1
400  0.40    IAPG   436   5147  3.59e-15  9.99e-02   111.8
400  0.40      IR   450    803  3.44e-15  9.99e-02    18.4
400  0.40     IER   549   2503  3.40e-15  1.00e-01    56.1
400  0.50    IAPG   453   5440  3.42e-15  9.96e-02   118.1
400  0.50      IR   467    806  3.49e-15  9.97e-02    18.0
400  0.50     IER   567   3715  3.60e-15  9.99e-02    83.9
400  0.60    IAPG   462   5828  3.36e-15  9.98e-02   126.8
400  0.60      IR   479    881  3.76e-15  9.96e-02    19.7
400  0.60     IER   578   4632  3.41e-15  9.98e-02   103.9
400  0.70    IAPG   472   6439  3.53e-15  9.98e-02   140.8
400  0.70      IR   489    919  3.45e-15  9.98e-02    20.6
400  0.70     IER   585   4075  3.54e-15  1.00e-01    91.3
400  0.80    IAPG   480   6974  3.53e-15  9.97e-02   153.2
400  0.80      IR   499    945  3.49e-15  1.00e-01    21.2
400  0.80     IER   596   3701  3.51e-15  9.99e-02    83.3
400  0.90    IAPG   488   7543  3.48e-15  1.00e-01   165.1
400  0.90      IR   507    947  3.55e-15  9.97e-02    21.3
400  0.90     IER   602   3944  3.60e-15  1.00e-01    89.1
400  1.00    IAPG   491   7490  3.52e-15  9.99e-02   166.2
400  1.00      IR   509    971  3.52e-15  9.97e-02    22.2
400  1.00     IER   611   3459  3.46e-15  9.97e-02    78.8
500  0.10    IAPG   257   1203  4.62e-15  9.95e-02    45.8
500  0.10      IR   265    513  4.25e-15  9.97e-02    20.2
500  0.10     IER   320    667  4.42e-15  1.00e-01    26.3
500  0.20    IAPG   484   5940  3.76e-15  9.99e-02   216.7
500  0.20      IR   499    934  3.75e-15  1.00e-01    35.0
500  0.20     IER   595   2429  4.10e-15  9.99e-02    94.6
500  0.30    IAPG   513   7012  3.74e-15  9.99e-02   261.6
500  0.30      IR   529    924  3.74e-15  9.99e-02    35.3
500  0.30     IER   626   2716  3.84e-15  9.97e-02   102.8
500  0.40    IAPG   539   9331  3.80e-15  9.97e-02   340.8
500  0.40      IR   559    994  3.87e-15  9.97e-02    37.4
500  0.40     IER   654   5697  3.68e-15  9.98e-02   214.6
500  0.50    IAPG   553   7133  4.00e-15  1.00e-01   260.5
500  0.50      IR   573   1072  3.80e-15  9.97e-02    40.5
500  0.50     IER   669   4672  3.98e-15  9.99e-02   175.9
500  0.60    IAPG   569   7549  3.80e-15  9.98e-02   279.0
500  0.60      IR   591   1117  4.11e-15  1.00e-01    42.4
500  0.60     IER   679   4781  3.93e-15  9.98e-02   182.3
500  0.70    IAPG   578   7455  3.85e-15  9.98e-02   275.4
500  0.70      IR   598   1093  4.07e-15  9.99e-02    41.5
500  0.70     IER   700   6730  3.98e-15  9.98e-02   256.2
500  0.80    IAPG   585   8618  3.91e-15  9.99e-02   318.7
500  0.80      IR   607   1173  3.92e-15  9.97e-02    44.5
500  0.80     IER   705   5664  3.97e-15  9.98e-02   215.5
500  0.90    IAPG   594   8562  3.56e-15  9.99e-02   318.1
500  0.90      IR   617   1146  3.75e-15  9.98e-02    43.6
500  0.90     IER   711   4724  4.09e-15  9.99e-02   180.1
500  1.00    IAPG   604   9962  3.90e-15  9.99e-02   369.4
500  1.00      IR   626   1227  4.06e-15  9.99e-02    46.7
500  1.00     IER   721   3796  3.90e-15  9.98e-02   144.9
600  0.10    IAPG   366   2919  4.47e-15  9.96e-02   185.3
600  0.10      IR   377    709  4.47e-15  1.00e-01    46.6
600  0.10     IER   434   1102  4.67e-15  9.98e-02    72.0
600  0.20    IAPG   567   9471  4.34e-15  9.97e-02   576.4
600  0.20      IR   586   1085  4.41e-15  9.97e-02    68.4
600  0.20     IER   678   3109  4.59e-15  9.99e-02   194.5
600  0.30    IAPG   610   8744  4.02e-15  9.99e-02   525.9
600  0.30      IR   629   1089  4.21e-15  9.99e-02    67.2
600  0.30     IER   723   4896  4.04e-15  9.98e-02   303.7
600  0.40    IAPG   636   9164  4.14e-15  9.99e-02   526.4
600  0.40      IR   662   1132  4.40e-15  9.98e-02    66.8
600  0.40     IER   750   6461  4.16e-15  9.99e-02   383.7
600  0.50    IAPG   660  10852  4.05e-15  9.99e-02   629.3
600  0.50      IR   683   1263  4.51e-15  1.00e-01    76.1
600  0.50     IER   777   5335  4.05e-15  9.99e-02   318.3
600  0.60    IAPG   673  12647  4.28e-15  9.98e-02   751.9
600  0.60      IR   696   1282  4.47e-15  1.00e-01    78.5
600  0.60     IER   792   5446  3.95e-15  9.99e-02   332.7
600  0.70    IAPG   685  12607  4.26e-15  9.99e-02   758.0
600  0.70      IR   710   1333  4.40e-15  9.98e-02    82.5
600  0.70     IER   801   7079  3.96e-15  9.98e-02   439.5
600  0.80    IAPG   703   9818  4.32e-15  9.97e-02   576.0
600  0.80      IR   729   1368  4.50e-15  9.98e-02    82.9
600  0.80     IER   811   5087  4.20e-15  9.98e-02   307.4
600  0.90    IAPG   708  10843  4.10e-15  9.99e-02   640.3
600  0.90      IR   733   1388  3.97e-15  9.97e-02    84.3
600  0.90     IER   832   4203  4.21e-15  9.98e-02   257.1
600  1.00    IAPG   715  10698  4.18e-15  9.99e-02   645.6
600  1.00      IR   739   1439  4.28e-15  9.99e-02    89.0
600  1.00     IER   840   5726  4.32e-15  9.99e-02   354.7
700  0.10    IAPG   498   6468  4.90e-15  9.98e-02   571.7
700  0.10      IR   521    979  4.88e-15  1.00e-01    89.4
700  0.10     IER   586   1859  4.85e-15  9.98e-02   169.5
700  0.20    IAPG   651  10581  4.49e-15  9.98e-02   896.6
700  0.20      IR   673   1251  4.51e-15  9.99e-02   109.0
700  0.20     IER   762   3394  4.88e-15  1.00e-01   298.6
700  0.30    IAPG   703  12948  4.72e-15  1.00e-01  1094.2
700  0.30      IR   725   1217  4.43e-15  9.99e-02   105.7
700  0.30     IER   819   6842  4.38e-15  9.98e-02   596.5
700  0.40    IAPG   733  11215  4.35e-15  1.00e-01   951.6
700  0.40      IR   762   1424  4.43e-15  9.99e-02   124.1
700  0.40     IER   847   5549  4.36e-15  9.98e-02   485.3
700  0.50    IAPG   756  11574  4.44e-15  9.99e-02   987.7
700  0.50      IR   786   1380  4.74e-15  9.98e-02   121.6
700  0.50     IER   871   6919  4.42e-15  9.99e-02   606.9
700  0.60    IAPG   773  13455  4.59e-15  9.99e-02  1160.8
700  0.60      IR   803   1524  4.49e-15  9.98e-02   135.3
700  0.60     IER   888   7032  4.35e-15  9.98e-02   626.5
700  0.70    IAPG   791  15117  4.43e-15  9.99e-02  1301.1
700  0.70      IR   819   1511  4.70e-15  9.99e-02   133.9
700  0.70     IER   911   8809  4.46e-15  9.99e-02   783.1
700  0.80    IAPG   800  15366  4.50e-15  9.99e-02  1335.4
700  0.80      IR   828   1540  4.72e-15  9.99e-02   137.7
700  0.80     IER   923   8837  4.56e-15  9.98e-02   792.4
700  0.90    IAPG   813  15936  4.49e-15  9.99e-02  1369.9
700  0.90      IR   842   1624  4.60e-15  9.99e-02   142.8
700  0.90     IER   932   9432  4.41e-15  9.99e-02   829.4
700  1.00    IAPG   824  17285  4.53e-15  9.98e-02  1509.8
700  1.00      IR   855   1661  4.66e-15  9.99e-02   148.7
700  1.00     IER   941   9716  4.56e-15  9.99e-02   873.2
800  0.10    IAPG   670  11408  5.15e-15  9.97e-02  1420.6
800  0.10      IR   692   1286  4.91e-15  9.98e-02   165.3
800  0.10     IER   756   3108  4.92e-15  1.00e-01   400.4
800  0.20    IAPG   738  14087  4.74e-15  9.98e-02  1682.3
800  0.20      IR   762   1421  5.10e-15  9.99e-02   177.2
800  0.20     IER   848   3697  4.84e-15  9.99e-02   454.4
800  0.30    IAPG   794  12437  4.64e-15  9.99e-02  1542.9
800  0.30      IR   822   1347  4.58e-15  9.92e-02   173.1
800  0.30     IER   907   6835  4.85e-15  9.98e-02   878.1
800  0.40    IAPG   832  14689  4.69e-15  9.99e-02  2041.1
800  0.40      IR   862   1573  5.25e-15  9.98e-02   199.0
800  0.40     IER   947   7783  4.45e-15  9.99e-02   995.7
800  0.50    IAPG   856  16092  4.74e-15  1.00e-01  1985.1
800  0.50      IR   887   1639  5.02e-15  9.99e-02   208.1
800  0.50     IER   970   7028  4.64e-15  9.99e-02   893.4
800  0.60    IAPG   879  18385  4.57e-15  9.99e-02  2242.0
800  0.60      IR   910   1700  4.92e-15  1.00e-01   213.7
800  0.60     IER   995   9012  4.91e-15  1.00e-01  1131.0
800  0.70    IAPG   892  18666  4.73e-15  9.98e-02  2296.6
800  0.70      IR   923   1747  4.99e-15  9.98e-02   225.2
800  0.70     IER  1013   9210  4.96e-15  1.00e-01  1188.9
800  0.80    IAPG   905  13242  4.84e-15  1.00e-01  1651.0
800  0.80      IR   943   1805  5.00e-15  9.98e-02   231.3
800  0.80     IER  1023   8011  4.72e-15  9.98e-02  1032.9
800  0.90    IAPG   927  14950  4.79e-15  9.98e-02  1892.3
800  0.90      IR   960   1840  4.85e-15  9.98e-02   238.7
800  0.90     IER  1036  10180  4.62e-15  9.99e-02  1324.2
800  1.00    IAPG   937  16054  4.83e-15  9.99e-02  2026.2
800  1.00      IR   971   1884  4.88e-15  9.98e-02   243.9
800  1.00     IER  1056  11607  4.75e-15  9.99e-02  1502.1
